1	ARGArgentina	1503(1503.35)	1532	0		741.10	741.10	919.87	459.93	512.98	153.90	742.10	148.42	
2	BELBelgium	1384(1383.71)	1364	0		587.90	587.90	961.05	480.53	557.40	167.22	740.37	148.07	
3	COLColombia	1328(1328.16)	1337	1		597.24	597.24	821.59	410.79	574.37	172.31	739.06	147.81	
4	GERGermany	1310(1310.49)	1309	1		412.01	412.01	1153.12	576.56	559.35	167.81	770.63	154.13	
5	CHIChile	1293(1293.33)	1353	-2		793.85	793.85	489.13	244.56	610.01	183.00	359.60	71.92	
6	ESPSpain	1267(1266.6)	1277	0		669.64	669.64	443.99	221.99	664.00	199.20	878.81	175.76	
7	BRABrazil	1257(1256.82)	1261	0		555.56	555.56	793.26	396.63	845.26	253.58	255.28	51.06	
8	PORPortugal	1181(1181.43)	1184	0		564.84	564.84	617.62	308.81	637.29	191.19	582.96	116.59	
9	URUUruguay	1150(1149.6)	1158	0		582.68	582.68	618.27	309.13	671.34	201.40	281.95	56.39	
10	AUTAustria	1077(1077.49)	1067	1		610.71	610.71	599.33	299.66	411.65	123.49	218.11	43.62	
11	ENGEngland	1069(1069.42)	1069	-1		544.52	544.52	520.33	260.16	531.28	159.38	526.81	105.36	
12	ITAItaly	982(982.12)	959	3		417.65	417.65	550.06	275.03	556.81	167.04	612.03	122.41	
13	ECUEcuador	978(978.21)	1019	-1		578.57	578.57	371.72	185.86	269.01	80.70	665.36	133.07	
14	NEDNetherlands	959(958.92)	931	3		259.08	259.08	957.91	478.96	388.38	116.51	521.85	104.37	
15	SUISwitzerland	948(947.82)	974	-1		355.32	355.32	563.16	281.58	640.01	192.00	594.58	118.92	
16	MEXMexico	942(941.96)	938	0		492.90	492.90	449.51	224.75	428.06	128.42	479.46	95.89	
17	FRAFrance	925(924.51)	907	4		347.19	347.19	704.66	352.33	449.18	134.75	451.18	90.24	
18	TURTurkey	919(918.88)	983	-5		619.75	619.75	243.05	121.52	428.96	128.69	244.58	48.92	
19	UKRUkraine	894(894.19)	880	3		473.45	473.45	317.23	158.62	609.43	182.83	396.49	79.30	
20	HUNHungary	886(885.79)	925	-2		555.96	555.96	359.66	179.83	229.60	68.88	405.61	81.12	
20	BIHBosnia and Herzegovina	886(885.65)	913	0		474.51	474.51	350.96	175.48	352.99	105.90	648.81	129.76	
22	ROURomania	878(878.25)	920	-3		309.72	309.72	731.75	365.88	400.56	120.17	412.45	82.49	
23	CRCCosta Rica	853(852.51)	829	2		306.98	306.98	674.28	337.14	436.20	130.86	387.67	77.53	
24	SVKSlovakia	852(851.75)	784	8		339.80	339.80	737.30	368.65	317.00	95.10	241.00	48.20	
25	NIRNorthern Ireland	851(851.46)	825	1		507.98	507.98	497.95	248.98	223.19	66.96	137.75	27.55	
26	WALWales	846(846.27)	839	-2		404.91	404.91	572.55	286.28	310.21	93.06	310.13	62.03	
27	CROCroatia	842(842.45)	856	-4		356.79	356.79	536.15	268.07	280.24	84.07	667.60	133.52	
27	POLPoland	842(842.23)	821	0		450.51	450.51	554.05	277.02	208.62	62.58	260.57	52.11	
29	RUSRussia	828(828.24)	821	-2		419.66	419.66	367.40	183.70	359.61	107.88	584.98	117.00	
30	CZECzech Republic	815(815.16)	810	-1		336.75	336.75	593.07	296.54	293.66	88.10	468.88	93.78	
31	USAUSA	803(802.75)	810	-2		373.96	373.96	306.40	153.20	650.42	195.13	402.34	80.47	
32	ALGAlgeria	786(786.16)	771	1		302.92	302.92	506.31	253.15	508.48	152.54	387.73	77.55	
33	IRLRepublic of Ireland	768(768.1)	792	-2		516.63	516.63	337.84	168.92	134.17	40.25	211.47	42.29	
34	ISLIceland	751(751.18)	724	1		339.98	339.98	465.47	232.73	303.64	91.09	436.88	87.38	
35	SWESweden	735(735.06)	713	1		378.28	378.28	372.19	186.09	315.40	94.62	380.34	76.07	
36	CIVCote Ivoire	732(731.67)	738	-2		286.02	286.02	508.22	254.11	293.64	88.09	517.23	103.45	
37	GHAGhana	728(728.44)	693	1		329.65	329.65	463.15	231.57	254.31	76.29	454.62	90.92	
38	DENDenmark	697(696.97)	686	3		312.44	312.44	401.06	200.53	352.36	105.71	391.45	78.29	
39	IRNIran	688(688.17)	672	3		321.98	321.98	398.22	199.11	389.96	116.99	250.48	50.10	
40	GREGreece	678(677.65)	695	-3		222.85	222.85	371.19	185.59	547.70	164.31	524.46	104.89	
41	SENSenegal	677(677.34)	651	2		269.36	269.36	584.93	292.46	248.88	74.66	204.25	40.85	
42	ALBAlbania	667(666.86)	632	3		266.72	266.72	529.59	264.80	146.50	43.95	456.98	91.40	
43	SCOScotland	659(659.34)	687	-3		251.79	251.79	414.73	207.36	544.15	163.25	184.73	36.95	
44	PARParaguay	638(637.79)	688	-5		462.27	462.27	105.12	52.56	247.83	74.35	243.07	48.61	
45	EGYEgypt	631(631.25)	648	-1		323.98	323.98	234.47	117.24	509.84	152.95	185.40	37.08	
46	JAMJamaica	630(630.27)	585	9		370.58	370.58	320.00	160.00	101.61	30.48	346.04	69.21	
47	TUNTunisia	629(629.17)	620	0		221.51	221.51	493.39	246.70	286.67	86.00	374.82	74.96	
48	PERPeru	623(622.71)	631	-2		369.85	369.85	203.83	101.91	237.99	71.40	397.76	79.55	
49	CPVCape Verde Islands	620(620.4)	620	-2		241.19	241.19	407.97	203.99	374.62	112.39	314.19	62.84	
50	KORKorea Republic	603(603.04)	591	4		316.17	316.17	329.82	164.91	205.65	61.69	301.32	60.26	
51	NORNorway	593(592.82)	605	-2		333.68	333.68	273.54	136.77	169.75	50.93	357.26	71.45	
52	CODCongo DR	589(589.46)	596	-1		291.01	291.01	382.36	191.18	155.11	46.53	303.67	60.73	
53	JPNJapan	581(581.15)	577	4		266.44	266.44	337.69	168.85	237.53	71.26	373.03	74.61	
54	SRBSerbia	576(575.85)	581	2		305.76	305.76	156.42	78.21	408.40	122.52	346.80	69.36	
55	GUIGuinea	573(573.37)	570	3		228.79	228.79	398.48	199.24	328.25	98.48	234.30	46.86	
56	PANPanama	572(571.51)	593	-4		271.42	271.42	213.70	106.85	404.77	121.43	358.99	71.80	
57	SVNSlovenia	567(566.96)	558	4		231.11	231.11	278.03	139.01	536.69	161.01	179.17	35.83	
58	CMRCameroon	566(565.93)	556	5		236.73	236.73	349.59	174.79	320.91	96.27	290.69	58.14	
59	AUSAustralia	563(562.81)	601	-9		314.50	314.50	281.35	140.68	230.24	69.07	192.79	38.56	
60	CGOCongo	560(559.51)	562	-1		230.23	230.23	447.28	223.64	151.16	45.35	301.43	60.29	
61	NGANigeria	559(559.36)	540	6		201.72	201.72	337.50	168.75	275.67	82.70	530.95	106.19	
62	MARMorocco	555(555.34)	555	2		380.18	380.18	146.08	73.04	196.66	59.00	215.63	43.13	
63	MLIMali	554(554.17)	551	2		259.47	259.47	322.00	161.00	110.63	33.19	502.51	100.50	
64	TRITrinidad and Tobago	550(550.46)	592	-11		290.43	290.43	284.28	142.14	227.24	68.17	248.56	49.71	
65	KSASaudi Arabia	545(545.17)	559	-5		380.91	380.91	135.09	67.55	222.79	66.84	149.41	29.88	
66	UZBUzbekistan	544(543.56)	549	0		311.74	311.74	203.71	101.85	248.23	74.47	277.53	55.51	
67	FINFinland	536(535.55)	558	-6		328.63	328.63	138.60	69.30	315.75	94.73	214.50	42.90	
68	RSASouth Africa	529(529.04)	507	2		265.08	265.08	290.93	145.46	206.65	62.00	282.51	56.50	
69	BULBulgaria	518(518.18)	508	0		233.89	233.89	307.40	153.70	136.95	41.09	447.53	89.51	
70	UAEUnited Arab Emirates	517(516.74)	521	-2		256.74	256.74	255.66	127.83	255.30	76.59	277.90	55.58	
71	ISRIsrael	513(512.73)	467	5		140.66	140.66	503.42	251.71	181.18	54.35	330.05	66.01	
72	UGAUganda	500(499.51)	491	0		242.22	242.22	303.86	151.93	187.82	56.35	245.07	49.01	
73	BFABurkina Faso	479(479.14)	469	2		199.40	199.40	255.57	127.79	255.15	76.55	377.00	75.40	
74	HAIHaiti	478(477.93)	502	-3		264.31	264.31	204.55	102.27	179.24	53.77	287.83	57.57	
75	BENBenin	473(473.18)	489	-2		294.77	294.77	100.73	50.36	245.10	73.53	272.62	54.52	
76	EQGEquatorial Guinea	466(465.64)	416	7		157.23	157.23	454.54	227.27	146.63	43.99	185.76	37.15	
77	VENVenezuela	456(456)	476	-3		206.81	206.81	139.94	69.97	319.43	95.83	416.98	83.40	
78	BLRBelarus	442(442.25)	465	-1		239.53	239.53	221.07	110.53	143.14	42.94	246.27	49.25	
79	ZAMZambia	436(436.18)	457	-1		196.57	196.57	279.83	139.91	132.42	39.73	299.86	59.97	
80	JORJordan	434(434.37)	418	2		273.30	273.30	60.71	30.36	268.07	80.42	251.48	50.30	
81	CHNChina PR	423(423.24)	423	0		234.48	234.48	245.50	122.75	132.40	39.72	131.43	26.29	
82	BOLBolivia	420(419.59)	440	-3		222.28	222.28	106.60	53.30	205.86	61.76	411.25	82.25	
83	ATGAntigua and Barbuda	413(412.51)	413	2		268.81	268.81	238.21	119.11	0.00	0.00	122.96	24.59	
84	CYPCyprus	407(406.79)	426	-4		215.33	215.33	285.86	142.93	71.79	21.54	135.00	27.00	
84	QATQatar	407(406.56)	416	-1		239.06	239.06	170.23	85.12	162.48	48.74	168.20	33.64	
86	HONHonduras	393(392.77)	406	0		146.38	146.38	90.84	45.42	452.47	135.74	326.13	65.23	
87	BOTBotswana	391(390.88)	379	4		242.04	242.04	119.88	59.94	242.32	72.70	81.06	16.21	
88	GABGabon	388(387.73)	395	0		112.83	112.83	380.65	190.33	177.05	53.12	157.33	31.47	
89	FROFaroe Islands	383(382.82)	383	1		241.31	241.31	270.27	135.14	21.25	6.38	0.00	0.00	
90	MNEMontenegro	382(382.15)	365	4		107.02	107.02	254.43	127.22	141.37	42.41	527.50	105.50	
91	GUAGuatemala	378(377.62)	389	-2		221.96	221.96	220.07	110.03	12.50	3.75	209.40	41.88	
92	SKNSt. Kitts and Nevis	374(374.07)	368	0		251.04	251.04	219.67	109.84	0.00	0.00	66.00	13.20	
93	CANCanada	363(363.35)	357	2		229.53	229.53	142.53	71.26	72.35	21.71	204.23	40.85	
94	ESTEstonia	360(359.55)	366	-1		190.40	190.40	202.40	101.20	127.84	38.35	148.01	29.60	
95	TOGTogo	358(357.92)	334	8		135.45	135.45	226.46	113.23	145.77	43.73	327.54	65.51	
96	CTACentral African Republic	351(350.77)	355	0		268.46	268.46	0.00	0.00	21.50	6.45	379.32	75.86	
97	MOZMozambique	349(348.61)	338	4		151.22	151.22	255.07	127.54	95.91	28.77	205.44	41.09	
98	PRKKorea DPR	348(348.27)	314	14		290.04	290.04	53.78	26.89	16.51	4.95	131.92	26.38	
99	SLVEl Salvador	342(341.54)	347	-2		171.16	171.16	124.01	62.00	267.17	80.15	141.13	28.23	
100	OMAOman	338(338.01)	346	-2		176.62	176.62	88.34	44.17	269.60	80.88	181.69	36.34	